6,2.1991147994
6,6.2831854820
6,10.6814155578
6,15.0796461105
6,19.4778747558
6,24.1902637481
6,28.5884952545
6,32.9867248535
6,37.6991119384
6,42.0973396301
6,46.4955749511
6,51.2079582214
6,55.6061935424
6,60.0044212341
6,64.7168121337
6,69.1150436401
6,73.8274307250
6,78.2256546020
6,82.6238861083
6,87.3362731933
6,91.7345123291
6,96.4468994140
6,100.8451232910
6,105.2433547973
6,109.9557495117
6,114.3539810180
6,118.7522048950
6,123.4645919799
6,127.8628234863
6,132.5752105712
6,136.9734344482
6,141.3716735839
6,146.0840606689
6,150.4822998046
6,154.8805236816
6,159.5929107666
6,163.9911499023
6,168.7035369873
6,173.1017608642
6,177.8141479492
6,182.2123718261
6,186.6106109619
6,191.3229980468
6,195.7212219238
6,200.4336090087
6,204.8318328857
6,209.2300720214
6,213.9424591064
6,218.3406982421
6,223.0530853271
6,227.4513244628
6,231.8495483398
6,236.5619354248
6,240.9601593017
6,245.6725463867
6,250.0707702636
6,254.7831726074
6,259.1813964843
6,263.5796508789
6,268.2920227050
6,272.6902465820
6,277.4026489257
6,281.8008728027
6,286.1990966796
6,290.9114685058
6,295.3097229003
6,300.0220947265
6,304.4203491210
6,308.8185729980
6,313.5309753417
6,318.2433471679
6,322.6415710449
6,327.0397949218
6,331.7521972656
6,336.1504211425
6,340.8628234863
6,345.2610473632
6,349.6592712402
6,354.3716735839
6,358.7698669433
6,363.4822692871
6,367.8804931640
6,372.5928955078
6,376.9911193847
6,381.3893737792
6,386.1017456054
6,390.5000000000
6,395.2123718261
6,399.6105957031
6,404.3229675292
6,408.7212219238
6,413.4336242675
6,417.8318481445
6,422.2300415039
6,426.9424438476
6,431.3406982421
6,436.0530700683
6,440.4512939453
6,444.8495483398
6,449.5619506835
6,453.9601440429
6,458.6725463867
6,463.0707397460
6,467.7831420898
6,472.1813964843
6,476.8937988281
6,481.2919921875
6,485.6902465820
6,490.4026489257
6,494.8008422851
6,499.5132446289
6,503.9114685058
6,508.3097229003
6,513.0220947265
6,517.4202880859
6,522.1326904296
6,526.5309448242
6,531.2433471679
6,535.6415405273
6,540.3539428710
6,544.7521362304
6,549.1503906250
6,553.8627929687
6,558.2610473632
6,562.9733886718
6,567.3716430664
6,572.0840454101
6,576.4822387695
6,581.1946411132
6,585.5928955078
6,589.9911499023
6,594.7034912109
6,599.1017456054
6,603.8140869140
6,608.2124023437
6,612.6105957031
6,617.3229980468
6,621.7211914062
6,626.4335937500
6,630.8318481445
6,635.5442504882
6,639.9424438476
6,644.3406982421
6,649.0531005859
6,653.4512939453
6,658.1636962890
6,662.5618896484
6,667.2742919921
6,671.6725463867
6,676.3849487304
6,680.7831420898
6,685.1813964843
6,689.8937988281
6,694.2919921875
6,699.0043945312
6,703.4025878906
6,708.1149902343
6,712.5132446289
6,717.2256469726
6,721.6238403320
6,726.3362426757
6,730.7344970703
6,735.1326904296
6,739.8450927734
6,744.2432861328
6,748.9556884765
6,753.3539428710
6,758.0663452148
6,762.4645385742
6,767.1769409179
6,771.5751953125
6,776.2875976562
6,780.6857910156
6,785.3981933593
6,789.7963867187
6,794.5087890625
6,798.9070434570
6,803.6194458007
6,808.0177001953
6,812.4158935546
6,817.1282958984
6,821.5264892578
6,826.2388916015
6,830.6370849609
6,835.3494873046
6,839.7476806640
6,844.1459960937
6,848.8583984375
6,853.2565917968
6,857.9689941406
6,862.3671875000
6,867.0795898437
6,871.4777832031
6,876.1901855468
6,880.5883789062
6,884.9866943359
6,889.6990966796
6,894.0972900390
6,898.8096923828
6,903.2078857421
6,907.9202880859
6,912.3185424804
6,917.0308837890
6,921.4291381835
6,926.1414794921
6,930.5397949218
6,935.2521972656
6,939.6503906250
6,944.3627929687
6,948.7609863281
6,953.4733886718
6,957.8715820312
6,962.2698364257
6,966.9821777343
6,971.3804931640
6,976.0928955078
6,980.4910888671
6,985.2034912109
6,989.6016845703
6,994.3140869140
6,998.7123413085
6,1003.4246826171
6,1007.8229370117
6,1012.5352783203
6,1016.9335937500
6,1021.6459960937
6,1026.0441894531
6,1030.7565917968
6,1035.1547851562
6,1039.8671875000
6,1044.2653808593
6,1048.6635742187
6,1053.3759765625
6,1058.0883789062
6,1062.4866943359
6,1067.1990966796
6,1071.5972900390
6,1075.9954833984
6,1080.7078857421
6,1085.1060791015
6,1089.8184814453
6,1094.2166748046
6,1098.9290771484
6,1103.3273925781
6,1108.0397949218
6,1112.4379882812
6,1117.1503906250
6,1121.5485839843
6,1126.2609863281
6,1130.6591796875
6,1135.3715820312
6,1139.7697753906
6,1144.4821777343
6,1148.8804931640
6,1153.5928955078
6,1157.9910888671
6,1162.7034912109
6,1167.1016845703
6,1171.4998779296
6,1176.2122802734
6,1180.6104736328
6,1185.3228759765
6,1190.0352783203
6,1194.4335937500
6,1198.8317871093
6,1203.5441894531
6,1208.2565917968
6,1212.6547851562
6,1217.3671875000
6,1221.7653808593
6,1226.4777832031
6,1230.8759765625
6,1235.5883789062
6,1239.9866943359
6,1244.6990966796
6,1249.0972900390
6,1253.8096923828
6,1258.2078857421
6,1262.9202880859
6,1267.3184814453
6,1272.0308837890
6,1276.4290771484
6,1281.1414794921
6,1285.8538818359
6,1290.2521972656
6,1294.9645996093
6,1299.3627929687
6,1304.0751953125
6,1308.4733886718
6,1313.1857910156
6,1317.5839843750
6,1322.2963867187
6,1326.6945800781
6,1331.4069824218
6,1335.8052978515
6,1340.5177001953
6,1344.9158935546
6,1349.6282958984
6,1354.0264892578
6,1358.7388916015
6,1363.1370849609
6,1367.8494873046
6,1372.5618896484
6,1376.9600830078
6,1381.6724853515
6,1386.0708007812
6,1390.7832031250
6,1395.1813964843
6,1399.8937988281
6,1404.6060791015
6,1409.0043945312
6,1413.7166748046
6,1418.1149902343
6,1422.8273925781
6,1427.2255859375
6,1431.9379882812
6,1436.3361816406
6,1441.0485839843
6,1445.4468994140
6,1450.1591796875
6,1454.5574951171
6,1459.2697753906
6,1463.6680908203
6,1468.3803710937
6,1473.0927734375
6,1477.4909667968
6,1482.2033691406
6,1486.6016845703
6,1491.3140869140
6,1496.0264892578
6,1500.4246826171
6,1505.1370849609
6,1509.5352783203
6,1514.2476806640
6,1518.6458740234
6,1523.3582763671
6,1527.7564697265
6,1532.4688720703
6,1537.1812744140
6,1541.5795898437
6,1546.2919921875
6,1550.6901855468
6,1555.4025878906
6,1560.1149902343
6,1564.5131835937
6,1569.2255859375
6,1573.6237792968
6,1578.3361816406
6,1582.7343750000
6,1587.4467773437
6,1592.1591796875
6,1596.5574951171
6,1601.2698974609
6,1605.6680908203
6,1610.3803710937
6,1614.7786865234
6,1619.4910888671
6,1623.8894042968
6,1628.6018066406
6,1633.3140869140
6,1637.7122802734
6,1642.4246826171
6,1646.8229980468
6,1651.5354003906
6,1656.2476806640
6,1660.6458740234
6,1665.3582763671
6,1670.0706787109
6,1674.4688720703
6,1679.1812744140
6,1683.5795898437
6,1688.2919921875
6,1693.0043945312
6,1697.4024658203
6,1702.1148681640
6,1706.8272705078
6,1711.2255859375
6,1715.9379882812
6,1720.3360595703
6,1725.0484619140
6,1729.7608642578
6,1734.1591796875
6,1738.8715820312
6,1743.2698974609
6,1747.9822998046
6,1752.6947021484
6,1757.0927734375
6,1761.8051757812
6,1766.5175781250
6,1770.9158935546
6,1775.6282958984
6,1780.0263671875
6,1784.7387695312
6,1789.4511718750
6,1793.8494873046
6,1798.5618896484
6,1803.2742919921
6,1807.6724853515
6,1812.3848876953
6,1817.0972900390
6,1821.4954833984
6,1826.2077636718
6,1830.9201660156
6,1835.3184814453
6,1840.0308837890
6,1844.7432861328
6,1849.1413574218
6,1853.8537597656
6,1858.2520751953
6,1862.9644775390
6,1867.6768798828
6,1872.0751953125
6,1876.7875976562
6,1881.1856689453
6,1885.8980712890
6,1890.6104736328
6,1895.0087890625
6,1899.7211914062
6,1904.4335937500
6,1908.8316650390
6,1913.5440673828
6,1918.2564697265
6,1922.6547851562
6,1927.3671875000
6,1931.7655029296
6,1936.4777832031
6,1941.1901855468
6,1945.5883789062
6,1950.3007812500
6,1955.0131835937
6,1959.4113769531
6,1964.1237792968
6,1968.8361816406
6,1973.2343750000
6,1977.9466552734
6,1982.6590576171
6,1987.0573730468
6,1991.7697753906
6,1996.4821777343
6,2000.8804931640
6,2005.5928955078
6,2010.3052978515
6,2014.7033691406
6,2019.4157714843
6,2024.1281738281
6,2028.5264892578
6,2033.2388916015
6,2037.9512939453
6,2042.3493652343
6,2047.0617675781
6,2051.7741699218
6,2056.4865722656
6,2060.8847656250
6,2065.5971679687
6,2070.3095703125
6,2074.7080078125
6,2079.4204101562
6,2084.1328125000
6,2088.5307617187
6,2093.2431640625
6,2097.9555664062
6,2102.3540039062
6,2107.0664062500
6,2111.7785644531
6,2116.1767578125
6,2120.8891601562
6,2125.6015625000
6,2130.3139648437
6,2134.7121582031
6,2139.4245605468
6,2144.1369628906
6,2148.5354003906
6,2153.2478027343
6,2157.9602050781
6,2162.3581542968
6,2167.0705566406
6,2171.7829589843
6,2176.1813964843
6,2180.8937988281
6,2185.6062011718
6,2190.0041503906
6,2194.7165527343
6,2199.4289550781
6,2203.8273925781
6,2208.5397949218
6,2213.2521972656
6,2217.6503906250
6,2222.3627929687
6,2227.0751953125
6,2231.4733886718
6,2236.1857910156
6,2240.8979492187
6,2245.2963867187
6,2250.0087890625
6,2254.7211914062
6,2259.1193847656
6,2263.8315429687
6,2268.5439453125
6,2273.2563476562
